34
19
95
10
32
93
15
70
56
99
25
34
77
31
13
58
60
25
35
22
30
6
64
82
44
58
30
92
84
6
100
99
94
83
19
21
48
57
2
45
76
18
40
7
78
20
34
51
4
28
100
21
59
51
83
55
20
47
29
91
100
45
22
13
30
63
43
56
81
59
1
7
44
6
1
3
53
90
53
59
95
85
77
8
49
78
13
50
76
24
96
57
42
22
29
70
93
94
100
87
53
7
2
78
41
78
59
47
49
15
73
23
14
89
19
4
82
97
77
40
21
24
62
94
89
38
4
79
90
31
23
71
51
45
43
73
46
20
61
3
46
42
53
17
19
10
64
61
38
9
13
51
37
99
6
56
12
51
55
69
5
12
82
21
54
45
22
28
89
54
24
51
99
68
62
7
58
44
30
63
61
90
99
39
54
100
75
82
25
59
9
12
97
79
7
57
84
7
28
99
50
72
89
18
10
28
69
57
19
25
57
32
80
55
29
28
31
47
88
12
18
63
86
67
35
7
28
68
59
25
60
93
79
76
58
52
100
8
6
41
12
77
45
75
10
42
22
84
83
80
1
27
19
99
41
1
22
99
58
46
15
42
81
33
17
83
48
65
71
91
83
78
44
87
58
77
63
68
8
21
59
74
56
81
25
23
3
18
11
89
29
43
63
95
22
27
67
82
51
80
23
66
49
20
86
21
26
52
17
61
58
31
66
78
45
44
62
45
97
37
3
33
46
13
94
99
65
22
7
14
51
46
99
34
48
51
25
66
59
53
37
13
97
2
96
24
27
90
40
48
98
51
66
25
66
65
57
6
53
23
26
8
83
32
25
71
14
3
23
80
7
13
99
97
45
83
67
44
87
24
4
21
73
10
64
79
51
93
89
11
46
12
54
39
34
22
17
75
36
86
30
26
44
70
58
35
65
89
68
74
25
51
58
20
63
33
3
8
4
62
88
24
98
9
30
46
1
65
35
41
76
72
7
11
19
91
17
62
18
62
25
81
94
45
63
51
30
52
67
14
90
63
61
80
54
19
80
97
34
37
50
9
30
80
56
78
50
22
34
90
48
54
50
9
73
3
35
1
39
100
37
44
1
26
58
86
82
36
48
81
59
15
96
56
86
43
60
61
67
17
21
76
57
35
62
97
45
28
27
30
42
67
30
56
42
43
13
87
24
32
53
89
71
22
51
52
35
90
8
20
84
49
82
51
58
33
90
61
18
72
23
63
33
41
39
2
11
38
32
22
84
19
94
37
75
46
36
46
48
23
68
99
27
74
16
29
23
11
71
77
33
90
94
21
12
74
70
49
60
64
27
1
90
34
31
37
75
97
40
91
98
42
68
32
63
6
39
58
76
37
61
77
10
20
46
98
35
82
36
8
57
56
30
68
29
89
14
67
6
42
43
40
83
74
11
57
17
54
89
21
86
68
44
38
89
73
93
56
78
92
80
50
10
96
17
1
86
1
67
82
59
88
98
100
64
53
42
81
79
22
74
28
98
62
63
56
40
10
71
32
88
15
80
18
50
63
48
81
75
17
49
47
93
100
42
86
71
35
12
22
22
39
44
26
71
70
27
76
7
29
1
18
36
11
66
17
10
85
50
85
1
8
86
3
23
82
95
45
34
78
21
7
24
77
87
80
13
69
35
91
93
7
8
57
61
59
38
81
90
63
44
100
72
98
24
22
16
64
72
43
89
7
86
13
8
52
44
18
28
3
62
47
11
61
100
91
82
48
58
65
77
19
65
84
32
66
18
47
93
98
35
89
73
3
93
11
19
72
5
90
63
46
68
12
71
50
66
69
42
9
73
93
59
76
75
27
94
28
79
65
32
25
58
39
91
85
68
18
11
5
70
75
59
17
23
22
78
94
67
68
71
62
25
89
47
96
37
84
5
12
45
71
19
37
62
85
53
100
25
48
8
89
75
36
49
67
39
15
38
70
80
71
60
68
87
29
84
14
33
33
79
74
35
17
14
4
85
4
8
29
36
70
64
45
2
51
74
60
41
36
84
34
90
63
16
38
45
40
34
16
60
88
11
93
39
94
79
87
56
45
38
42
14
34
95
14
79
7
98
34
93
2
32
81
59
27
60
63
9
66
52
92
35
78
8
51
65
24
88
45
54
26
40
41
52
8
38
9
61
79
88
2
89
98
90
98
10
81
73
58
74
77
15
80
7
7
53
53
8
33
32
51
49
85
61
18
12
41
30
60
32
28
35
56
33
98
84
31
42
54
82
31
32
74
4
34
68
54
51
26
